157
83
36
176
48
33
208
141
186
98
174
158
222
210
164
19
54
102
250
13
93
152
61
51
107
200
253
181
101
246
86
1
44
84
62
72
185
18
64
151
167
182
140
221
193
106
180
143
91
82
239
43
136
255
121
163
77
192
206
251
189
40
22
95
133
160
117
262
128
109
231
145
131
56
230
264
218
168
244
196
16
248
214
129
225
29
17
46
89
59
34
7
238
97
4
197
149
73
105
35
241
171
88
240
23
204
99
42
92
130
37
119
96
15
12
245
188
191
254
112
183
178
148
236
127
150
227
198
67
159
234
55
124
21
252
28
50
205
209
213
10
224
153
11
220
81
90
80
113
85
217
65
242
32
69
261
60
57
177
156
162
63
211
115
74
155
259
134
172
30
70
229
25
52
219
114
120
5
233
132
125
249
6
223
146
247
139
27
2
194
58
203
14
257
190
142
45
66
258
76
215
9
87
256
31
38
184
75
243
137
49
147
100
47
79
26
228
135
126
260
173
232
161
3
201
187
123
53
212
175
20
8
118
39
78
24
235
179
68
216
41
138
237
71
122
165
202
116
108
166
265
111
169
195
263
94
144
154
226
170
207