188
92
71
126
205
54
44
97
247
55
94
118
24
150
63
258
231
60
14
120
42
167
59
224
223
39
238
56
192
9
144
49
108
180
249
125
99
123
220
40
255
70
96
169
143
181
257
222
217
262
171
88
116
7
35
225
21
206
102
184
27
48
239
172
52
17
130
122
73
13
69
22
252
31
237
155
75
235
93
152
173
86
6
65
37
236
29
28
159
45
141
4
146
149
248
232
109
256
163
194
142
8
137
33
198
154
140
83
16
15
246
176
79
90
193
174
81
216
66
85
186
89
190
100
114
160
226
51
211
113
210
212
213
43
264
26
115
245
50
209
129
145
175
170
244
67
107
1
166
112
259
203
178
153
119
36
161
128
12
82
168
185
177
20
242
47
263
135
179
80
127
148
219
5
133
182
11
10
132
156
265
228
197
215
53
240
136
101
87
234
241
227
34
139
30
187
105
254
62
189
191
23
243
106
251
58
261
41
183
64
202
138
164
68
260
218
208
46
221
72
38
162
214
196
98
19
229
233
151
74
25
18
147
201
158
95
76
121
200
195
78
157
3
77
207
84
32
250
165
230
253
117
91
134
61
124
131
57
111
204